1 0.854687 0.122222 0.284375 0.214815
1 0.560937 0.285185 0.276042 0.129630
1 0.327604 0.159259 0.123958 0.237037
1 0.109896 0.077778 0.217708 0.144444
0 0.055208 0.748148 0.014583 0.048148
0 0.434896 0.391667 0.005208 0.016667
0 0.450000 0.376852 0.008333 0.024074
1 0.248438 0.741667 0.013542 0.057407
0 0.921875 0.491667 0.012500 0.035185
0 0.938542 0.432407 0.008333 0.031481
0 0.065104 0.650000 0.011458 0.037037
0 0.062500 0.598148 0.010417 0.037037
0 0.245312 0.450000 0.007292 0.025926
0 0.250000 0.450000 0.006250 0.025926
0 0.204687 0.447222 0.007292 0.024074
0 0.125521 0.384259 0.007292 0.020370
0 0.066146 0.402778 0.009375 0.024074
0 0.231771 0.227778 0.007292 0.018519
0 0.145833 0.221296 0.006250 0.016667
0 0.115625 0.204630 0.004167 0.012963
0 0.118750 0.193519 0.004167 0.016667
0 0.067187 0.535185 0.011458 0.033333
1 0.967708 0.325000 0.035417 0.135185
0 0.346354 0.308333 0.007292 0.020370
